40
27
11
2
21
65
65
56
98
73
18
59
72
67
26
80
73
38
91
99
72
99
19
86
36
95
59
31
87
41
95
73
8
40
39
51
37
10
99
27
74
56
27
81
75
45
40
79
6
93
37
64
19
36
36
49
24
58
29
41
17
9
41
42
89
10
49
89
91
87
68
77
41
11
51
3
28
65
29
70
2
16
29
76
65
35
48
8
79
32
22
75
80
68
11
75
87
91
58
50
88
6
47
86
45
7
74
56
82
41
98
99
6
9
28
28
27
72
91
46
50
78
14
30
30
80
1
23
48
33
83
46
61
30
52
16
68
25
48
16
94
22
27
23
60
98
34
56
79
65
10
8
97
93
67
6
97
85
84
76
93
21
20
94
59
40
46
19
21
65
73
67
10
82
86
25
36
14
8
73
18
78
54
18
65
31
2
39
45
40
39
11
55
11
82
68
4
7
22
89
93
48
65
8
96
99
77
10
86
6
9
70
66
33
30
13
42
92
15
24
56
47
18
39
97
33
67
49
82
57
43
23
97
35
32
18
56
33
47
100
26
35
15
83
24
13
33
58
92
76
50
53
65
5
19
62
65
74
58
97
47
92
23
66
59
78
28
17
30
83
39
86
94
66
89
68
46
73
87
16
43
91
43
28
40
100
1
60
60
41
1
92
88
35
3
37
34
99
64
29
73
65
67
89
7
3
44
24
15
29
36
86
18
70
52
67
19
45
91
71
2
44
91
97
44
54
95
88
65
50
8
65
15
18
10
62
61
31
12
63
66
57
47
99
5
78
30
13
32
100
23
41
67
81
27
81
23
74
99
84
54
85
27
23
15
43
28
1
67
22
41
66
78
55
15
56
14
77
52
13
51
7
79
98
81
18
27
59
35
6
94
36
77
33
76
95
19
16
55
2
28
88
74
30
8
86
1
43
69
26
12
99
9
9
99
15
35
18
55
31
61
3
20
84
72
3
76
88
33
42
66
30
49
50
57
16
41
51
10
14
29
27
64
75
35
72
62
60
24
82
96
5
83
67
92
15
12
78
96
23
85
46
45
15
9
58
41
9
4
25
99
57
16
28
72
47
21
22
13
27
9
97
89
10
79
71
99
39
74
87
73
26
80
16
72
86
95
82
1
100
68
92
46
6
73
29
45
31
74
10
46
81
47
95
10
5
62
16
21
93
89
39
28
61
89
16
92
87
91
33
53
80
54
45
90
35
71
31
59
45
32
81
56
32
98
67
77
31
67
71
18
67
71
81
24
49
42
39
71
74
91
4
45
87
72
20
57
70
14
18
18
52
37
99
89
97
44
25
50
11
10
8
81
55
51
13
41
63
34
83
73
63
66
24
34
19
63
50
45
58
50
80
25
66
54
59
74
65
17
28
49
59
50
26
92
4
72
19
64
25
50
36
38
17
39
25
16
72
29
2
19
97
49
14
30
28
23
58
89
48
90
68
40
63
76
28
29
20
5
27
12
60
43
87
2
91
54
80
25
24
71
10
48
36
38
62
46
35
90
17
75
51
49
67
20
56
26
32
42
86
85
41
16
4
49
87
23
73
13
63
27
65
12
32
31
95
57
16
80
20
78
92
42
37
67
13
96
90
68
19
28
81
69
80
29
28
99
21
30
67
2
83
26
70
87
80
90
90
42
40
16
28
60
78
18
83
12
10
16
32
11
45
93
95
26
35
88
50
46
37
88
7
53
71
92
36
2
30
32
42
94
93
44
27
54
80
100
12
96
85
94
13
10
42
1
42
49
17
13
51
21
75
100
83
60
39
30
25
53
36
86
97
18
49
14
68
88
88
48
80
18
11
7
63
20
27
39
21
25
81
52
88
71
89
56
20
59
82
98
6
18
37
33
96
78
95
16
57
4
85
44
12
9
29
77
12
18
35
9
25
64
39
77
40
55
23
54
41
90
73
27
44
92
42
13
6
62
86
45
45
23
3
79
64
11
78
48
7
13
62
76
4
93
49
46
15
97
95
91
67
4
84
58
90
28
30
59
98
50
48
14
88
56
75
29
8
49
86
23
6
47
99
80
4
79
23
28
19
76
23
48
3
83
84
73
19
4
91
75
40
76
87
20
4
46
93
65
16
24
86
69
63
8
20
14
27
70
12
84
21
35
46
32
15
42
53
14
31
34
78
85
82
16
43
43
22
4
60
89
45
12
76
52
96
15
69
81
85
43
100
36
79
17
40
20
99
97
1
58
68
3
73
19
26
25
60
81
78
67
87
15
39
70
11
42
69
41
42
65
5
